Operation Date: 2024-03-07 20:51:58.622733
Number of Games: 105
Highest Score: 54
Scores: [0, 0, 0, 0, 0, 0, 0, 0, 0, 1, 0, 0, 1, 0, 2, 0, 1, 0, 0, 0, 0, 1, 0, 0, 0, 0, 1, 0, 1, 0, 0, 1, 0, 0, 1, 1, 0, 0, 1, 1, 0, 0, 0, 1, 0, 1, 0, 0, 1, 1, 0, 0, 0, 1, 2, 2, 5, 1, 8, 0, 1, 2, 3, 1, 3, 1, 2, 0, 1, 4, 2, 7, 0, 1, 0, 3, 7, 0, 0, 3, 9, 13, 3, 11, 2, 4, 5, 12, 8, 7, 25, 49, 35, 34, 35, 35, 54, 43, 31, 18, 41, 25, 41, 35, 37]
Mean Score: [0.0, 0.0, 0.0, 0.0, 0.0, 0.0, 0.0, 0.0, 0.0, 0.1, 0.09090909090909091, 0.08333333333333333, 0.15384615384615385, 0.14285714285714285, 0.26666666666666666, 0.25, 0.29411764705882354, 0.2777777777777778, 0.2631578947368421, 0.25, 0.23809523809523808, 0.2727272727272727, 0.2608695652173913, 0.25, 0.24, 0.23076923076923078, 0.25925925925925924, 0.25, 0.27586206896551724, 0.26666666666666666, 0.25806451612903225, 0.28125, 0.2727272727272727, 0.2647058823529412, 0.2857142857142857, 0.3055555555555556, 0.2972972972972973, 0.2894736842105263, 0.3076923076923077, 0.325, 0.3170731707317073, 0.30952380952380953, 0.3023255813953488, 0.3181818181818182, 0.3111111111111111, 0.32608695652173914, 0.3191489361702128, 0.3125, 0.32653061224489793, 0.34, 0.3333333333333333, 0.3269230769230769, 0.32075471698113206, 0.3333333333333333, 0.36363636363636365, 0.39285714285714285, 0.47368421052631576, 0.4827586206896552, 0.6101694915254238, 0.6, 0.6065573770491803, 0.6290322580645161, 0.6666666666666666, 0.671875, 0.7076923076923077, 0.7121212121212122, 0.7313432835820896, 0.7205882352941176, 0.7246376811594203, 0.7714285714285715, 0.7887323943661971, 0.875, 0.863013698630137, 0.8648648648648649, 0.8533333333333334, 0.881578947368421, 0.961038961038961, 0.9487179487179487, 0.9367088607594937, 0.9625, 1.0617283950617284, 1.2073170731707317, 1.2289156626506024, 1.3452380952380953, 1.3529411764705883, 1.3837209302325582, 1.4252873563218391, 1.5454545454545454, 1.6179775280898876, 1.6777777777777778, 1.934065934065934, 2.4456521739130435, 2.795698924731183, 3.127659574468085, 3.463157894736842, 3.7916666666666665, 4.309278350515464, 4.704081632653061, 4.96969696969697, 5.1, 5.455445544554456, 5.647058823529412, 5.990291262135922, 6.269230769230769, 6.561904761904762]


Operation Date: 2024-03-07 21:03:02.369842
Number of Games: 101
Highest Score: 16
Scores: [0, 0, 0, 0, 0, 1, 1, 0, 1, 0, 0, 1, 0, 0, 0, 1, 1, 0, 0, 0, 1, 0, 0, 0, 0, 1, 0, 1, 1, 0, 1, 0, 1, 0, 0, 0, 1, 2, 0, 2, 0, 0, 0, 0, 1, 1, 0, 0, 0, 0, 1, 0, 0, 1, 0, 0, 2, 0, 0, 0, 0, 1, 0, 2, 1, 1, 0, 0, 2, 0, 1, 1, 1, 0, 0, 4, 0, 1, 2, 1, 7, 3, 1, 0, 9, 11, 15, 9, 0, 15, 6, 0, 0, 3, 0, 0, 7, 7, 4, 0, 16]
Mean Score: [0.0, 0.0, 0.0, 0.0, 0.0, 0.16666666666666666, 0.2857142857142857, 0.25, 0.3333333333333333, 0.3, 0.2727272727272727, 0.3333333333333333, 0.3076923076923077, 0.2857142857142857, 0.26666666666666666, 0.3125, 0.35294117647058826, 0.3333333333333333, 0.3157894736842105, 0.3, 0.3333333333333333, 0.3181818181818182, 0.30434782608695654, 0.2916666666666667, 0.28, 0.3076923076923077, 0.2962962962962963, 0.32142857142857145, 0.3448275862068966, 0.3333333333333333, 0.3548387096774194, 0.34375, 0.36363636363636365, 0.35294117647058826, 0.34285714285714286, 0.3333333333333333, 0.35135135135135137, 0.39473684210526316, 0.38461538461538464, 0.425, 0.4146341463414634, 0.40476190476190477, 0.3953488372093023, 0.38636363636363635, 0.4, 0.41304347826086957, 0.40425531914893614, 0.3958333333333333, 0.3877551020408163, 0.38, 0.39215686274509803, 0.38461538461538464, 0.37735849056603776, 0.3888888888888889, 0.38181818181818183, 0.375, 0.40350877192982454, 0.39655172413793105, 0.3898305084745763, 0.38333333333333336, 0.3770491803278688, 0.3870967741935484, 0.38095238095238093, 0.40625, 0.4153846153846154, 0.42424242424242425, 0.417910447761194, 0.4117647058823529, 0.43478260869565216, 0.42857142857142855, 0.43661971830985913, 0.4444444444444444, 0.4520547945205479, 0.44594594594594594, 0.44, 0.4868421052631579, 0.4805194805194805, 0.48717948717948717, 0.5063291139240507, 0.5125, 0.5925925925925926, 0.6219512195121951, 0.6265060240963856, 0.6190476190476191, 0.7176470588235294, 0.8372093023255814, 1.0, 1.0909090909090908, 1.0786516853932584, 1.2333333333333334, 1.2857142857142858, 1.2717391304347827, 1.2580645161290323, 1.2765957446808511, 1.263157894736842, 1.25, 1.309278350515464, 1.3673469387755102, 1.393939393939394, 1.38, 1.5247524752475248]


