Operation Date: 2024-03-07 20:51:58.622733
Number of Games: 105
Highest Score: 54
Scores: [0, 0, 0, 0, 0, 0, 0, 0, 0, 1, 0, 0, 1, 0, 2, 0, 1, 0, 0, 0, 0, 1, 0, 0, 0, 0, 1, 0, 1, 0, 0, 1, 0, 0, 1, 1, 0, 0, 1, 1, 0, 0, 0, 1, 0, 1, 0, 0, 1, 1, 0, 0, 0, 1, 2, 2, 5, 1, 8, 0, 1, 2, 3, 1, 3, 1, 2, 0, 1, 4, 2, 7, 0, 1, 0, 3, 7, 0, 0, 3, 9, 13, 3, 11, 2, 4, 5, 12, 8, 7, 25, 49, 35, 34, 35, 35, 54, 43, 31, 18, 41, 25, 41, 35, 37]
Mean Score: [0.0, 0.0, 0.0, 0.0, 0.0, 0.0, 0.0, 0.0, 0.0, 0.1, 0.09090909090909091, 0.08333333333333333, 0.15384615384615385, 0.14285714285714285, 0.26666666666666666, 0.25, 0.29411764705882354, 0.2777777777777778, 0.2631578947368421, 0.25, 0.23809523809523808, 0.2727272727272727, 0.2608695652173913, 0.25, 0.24, 0.23076923076923078, 0.25925925925925924, 0.25, 0.27586206896551724, 0.26666666666666666, 0.25806451612903225, 0.28125, 0.2727272727272727, 0.2647058823529412, 0.2857142857142857, 0.3055555555555556, 0.2972972972972973, 0.2894736842105263, 0.3076923076923077, 0.325, 0.3170731707317073, 0.30952380952380953, 0.3023255813953488, 0.3181818181818182, 0.3111111111111111, 0.32608695652173914, 0.3191489361702128, 0.3125, 0.32653061224489793, 0.34, 0.3333333333333333, 0.3269230769230769, 0.32075471698113206, 0.3333333333333333, 0.36363636363636365, 0.39285714285714285, 0.47368421052631576, 0.4827586206896552, 0.6101694915254238, 0.6, 0.6065573770491803, 0.6290322580645161, 0.6666666666666666, 0.671875, 0.7076923076923077, 0.7121212121212122, 0.7313432835820896, 0.7205882352941176, 0.7246376811594203, 0.7714285714285715, 0.7887323943661971, 0.875, 0.863013698630137, 0.8648648648648649, 0.8533333333333334, 0.881578947368421, 0.961038961038961, 0.9487179487179487, 0.9367088607594937, 0.9625, 1.0617283950617284, 1.2073170731707317, 1.2289156626506024, 1.3452380952380953, 1.3529411764705883, 1.3837209302325582, 1.4252873563218391, 1.5454545454545454, 1.6179775280898876, 1.6777777777777778, 1.934065934065934, 2.4456521739130435, 2.795698924731183, 3.127659574468085, 3.463157894736842, 3.7916666666666665, 4.309278350515464, 4.704081632653061, 4.96969696969697, 5.1, 5.455445544554456, 5.647058823529412, 5.990291262135922, 6.269230769230769, 6.561904761904762]


Operation Date: 2024-03-07 21:03:02.369842
Number of Games: 101
Highest Score: 16
Scores: [0, 0, 0, 0, 0, 1, 1, 0, 1, 0, 0, 1, 0, 0, 0, 1, 1, 0, 0, 0, 1, 0, 0, 0, 0, 1, 0, 1, 1, 0, 1, 0, 1, 0, 0, 0, 1, 2, 0, 2, 0, 0, 0, 0, 1, 1, 0, 0, 0, 0, 1, 0, 0, 1, 0, 0, 2, 0, 0, 0, 0, 1, 0, 2, 1, 1, 0, 0, 2, 0, 1, 1, 1, 0, 0, 4, 0, 1, 2, 1, 7, 3, 1, 0, 9, 11, 15, 9, 0, 15, 6, 0, 0, 3, 0, 0, 7, 7, 4, 0, 16]
Mean Score: [0.0, 0.0, 0.0, 0.0, 0.0, 0.16666666666666666, 0.2857142857142857, 0.25, 0.3333333333333333, 0.3, 0.2727272727272727, 0.3333333333333333, 0.3076923076923077, 0.2857142857142857, 0.26666666666666666, 0.3125, 0.35294117647058826, 0.3333333333333333, 0.3157894736842105, 0.3, 0.3333333333333333, 0.3181818181818182, 0.30434782608695654, 0.2916666666666667, 0.28, 0.3076923076923077, 0.2962962962962963, 0.32142857142857145, 0.3448275862068966, 0.3333333333333333, 0.3548387096774194, 0.34375, 0.36363636363636365, 0.35294117647058826, 0.34285714285714286, 0.3333333333333333, 0.35135135135135137, 0.39473684210526316, 0.38461538461538464, 0.425, 0.4146341463414634, 0.40476190476190477, 0.3953488372093023, 0.38636363636363635, 0.4, 0.41304347826086957, 0.40425531914893614, 0.3958333333333333, 0.3877551020408163, 0.38, 0.39215686274509803, 0.38461538461538464, 0.37735849056603776, 0.3888888888888889, 0.38181818181818183, 0.375, 0.40350877192982454, 0.39655172413793105, 0.3898305084745763, 0.38333333333333336, 0.3770491803278688, 0.3870967741935484, 0.38095238095238093, 0.40625, 0.4153846153846154, 0.42424242424242425, 0.417910447761194, 0.4117647058823529, 0.43478260869565216, 0.42857142857142855, 0.43661971830985913, 0.4444444444444444, 0.4520547945205479, 0.44594594594594594, 0.44, 0.4868421052631579, 0.4805194805194805, 0.48717948717948717, 0.5063291139240507, 0.5125, 0.5925925925925926, 0.6219512195121951, 0.6265060240963856, 0.6190476190476191, 0.7176470588235294, 0.8372093023255814, 1.0, 1.0909090909090908, 1.0786516853932584, 1.2333333333333334, 1.2857142857142858, 1.2717391304347827, 1.2580645161290323, 1.2765957446808511, 1.263157894736842, 1.25, 1.309278350515464, 1.3673469387755102, 1.393939393939394, 1.38, 1.5247524752475248]


Operation Date: 2024-03-10 20:13:14.299015
Number of Games: 135
Highest Score: 79
Scores: [0, 0, 0, 0, 2, 1, 0, 1, 1, 1, 0, 0, 2, 0, 2, 1, 2, 2, 2, 3, 1, 3, 4, 1, 2, 4, 3, 3, 2, 1, 9, 0, 3, 4, 1, 1, 7, 2, 5, 6, 6, 2, 5, 3, 3, 2, 8, 1, 4, 5, 6, 10, 12, 9, 1, 5, 3, 6, 1, 7, 11, 9, 7, 3, 15, 17, 33, 13, 7, 14, 12, 16, 15, 25, 14, 37, 39, 31, 30, 9, 24, 45, 38, 69, 44, 20, 39, 32, 49, 29, 21, 29, 60, 45, 41, 72, 52, 62, 15, 45, 31, 40, 52, 46, 20, 45, 51, 34, 35, 41, 32, 59, 24, 62, 53, 55, 36, 43, 11, 17, 56, 34, 53, 35, 54, 48, 79, 50, 46, 38, 38, 39, 31, 25, 52]
Mean Score: [0.0, 0.0, 0.0, 0.0, 0.4, 0.5, 0.42857142857142855, 0.5, 0.5555555555555556, 0.6, 0.5454545454545454, 0.5, 0.6153846153846154, 0.5714285714285714, 0.6666666666666666, 0.6875, 0.7647058823529411, 0.8333333333333334, 0.8947368421052632, 1.0, 1.0, 1.0909090909090908, 1.2173913043478262, 1.2083333333333333, 1.24, 1.3461538461538463, 1.4074074074074074, 1.4642857142857142, 1.4827586206896552, 1.4666666666666666, 1.7096774193548387, 1.65625, 1.696969696969697, 1.7647058823529411, 1.7428571428571429, 1.7222222222222223, 1.864864864864865, 1.868421052631579, 1.9487179487179487, 2.05, 2.1463414634146343, 2.142857142857143, 2.2093023255813953, 2.227272727272727, 2.2444444444444445, 2.239130434782609, 2.3617021276595747, 2.3333333333333335, 2.36734693877551, 2.42, 2.4901960784313726, 2.6346153846153846, 2.811320754716981, 2.925925925925926, 2.890909090909091, 2.9285714285714284, 2.9298245614035086, 2.9827586206896552, 2.9491525423728815, 3.0166666666666666, 3.1475409836065573, 3.2419354838709675, 3.3015873015873014, 3.296875, 3.476923076923077, 3.6818181818181817, 4.119402985074627, 4.25, 4.2898550724637685, 4.428571428571429, 4.535211267605634, 4.694444444444445, 4.835616438356165, 5.108108108108108, 5.226666666666667, 5.644736842105263, 6.077922077922078, 6.397435897435898, 6.69620253164557, 6.725, 6.938271604938271, 7.402439024390244, 7.771084337349397, 8.5, 8.91764705882353, 9.046511627906977, 9.39080459770115, 9.647727272727273, 10.089887640449438, 10.3, 10.417582417582418, 10.619565217391305, 11.150537634408602, 11.51063829787234, 11.821052631578947, 12.447916666666666, 12.855670103092784, 13.357142857142858, 13.373737373737374, 13.69, 13.861386138613861, 14.117647058823529, 14.485436893203884, 14.788461538461538, 14.838095238095239, 15.122641509433961, 15.457943925233645, 15.62962962962963, 15.807339449541285, 16.036363636363635, 16.18018018018018, 16.5625, 16.628318584070797, 17.026315789473685, 17.339130434782607, 17.663793103448278, 17.82051282051282, 18.033898305084747, 17.974789915966387, 17.966666666666665, 18.28099173553719, 18.40983606557377, 18.691056910569106, 18.822580645161292, 19.104, 19.333333333333332, 19.80314960629921, 20.0390625, 20.24031007751938, 20.376923076923077, 20.51145038167939, 20.651515151515152, 20.729323308270676, 20.761194029850746, 20.992592592592594]


Operation Date: 2024-03-10 20:18:24.822709
Number of Games: 0
Operation Date: 2024-03-10 20:20:34.062776
Number of Games: 0
Operation Date: 2024-03-10 20:25:07.561788
Number of Games: 0
Operation Date: 2024-03-10 20:26:44.828626
Number of Games: 1
Highest Score: 0
Scores: [0]
Mean Score: [0.0]


Operation Date: 2024-03-10 20:28:54.344972
Number of Games: 1
Highest Score: 0
Scores: [0]
Mean Score: [0.0]


Operation Date: 2024-03-10 20:41:11.337669
Number of Games: 0
Operation Date: 2024-03-10 20:41:34.363071
Number of Games: 1
Highest Score: 0
Scores: [0]
Mean Score: [0.0]


Operation Date: 2024-03-10 20:46:53.044322
Number of Games: 0
Operation Date: 2024-03-10 20:47:57.982885
Number of Games: 0
